1063821946226466820
1063814438120243205
1063814023626612741
1063811473464598532
1063164832277557252
1057361242799702026
1056957590897414148
1063822207913218053
1063822041483288580
1063842525453139974
1063837887429582853
1063836493167370244
1063842751534510084
1063842750498512900
1063842749294829572
1063825215791206406
1063822576881946628
1063822353325543428
1063843230033289221
1063842932837543942

1063862843072749572
1063861843800797189
1063842931537338373
1063868924524183556
1063868859743182853
1063868821449134085
1063863975937540100
1063863752372703236
1063869561446039558
1063869559206236164
1063869557037780997
1063888576440672260
1063887862293323780
1063889897596116997
